-8	0	0
-8	0	-10
-8	8	-10
-8	8	0

-8	0	-20
-8	8	-20
-8	0	-30
-8	8	-30

8	0	0
8	0	-10
8	8	-10
8	8	0

8	0	-20
8	8	-20
8	0	-30
8	8	-30

0	0	0
0	0	-10
0	0	-20
0	0	-30
-2	0	-30

-2	8	-30
2	0	-30
2	8	-30
-2	6	-30

2	6	-30
2	6	-35
-2	6	-35
-2	0	-35
2	0	-35

0	8	0
0	8	-10
0	8	-20
0	8	-30

-2	0	0
-2	6	0
2	0	0
2	6	0
2	8	0
-2	8	0


-8	0	-9
-8	6	-9
-8	8	-9
-8	0	-14

-8	6	-14
-8	8	-14
-8	0	-22
-8	8	-22

-13	0	-9
-13	6	-9
-13	0	-14
-13	6	-14

8	0	-8
8	8	-8
8	0	-16
8	8	-16
8	0	-21
8	8	-21
8	6	-21
8	6	-16

13	6	-16
13	6	-21
13	0	-21
13	0	-16

0	0	0
-10	0	0
-10	10	0
0	10	0
-20	0	0
-30	0	0
-30	10	0
-20	10	0

0	0	-5
-10	0	-5
-10	10	-5
0	10	-5
-20	0	-5
-30	0	-5
-30	10	-5
-20	10	-5

-13	10	-9
-13	10	-14
13	10	-16
13	10	-21

-34	0	0
-34	10	0
-34	0	-10
-34	10	-10
-30	0	-10
-30	10	-10
-30	6	-10
-34	6	-10


4	10	0
4	0	0
4	0	-10
4	10	-10
0	0	-10
0	10	-10
0	6	-10
4	6	-10

-30	0	-15
-34	0	-15
-34	6	-15
-30	6	-15

4	0	-15
0	0	-15
0	6	-15
4	6	-15

	CollCenter
1	4	8	7
9	12	16	15
7	8	22	21
23	24	16	15
21	25	28	29
23	26	27	30
1	4	12	9
	CollMain
9	55	56	12
57	15	16	58
1	41	43	4
44	7	8	46
7	21	22	8
23	15	16	24
1	9	12	4
64	55	60	61
63	57	59	62
41	49	50	42
44	51	52	45
21	25	28	29
23	26	27	30
	CollTunnel
65	70	71	68
73	78	79	76

73	65	68	76
78	70	71	79
	CollTR
70	85	86	71
85	102	103	86
78	101	104	79
	CollTL
94	65	68	93
94	105	108	93
73	106	107	76
	flag

17	9	10	18	b
1	17	18	2	b
2	18	19	5	b
18	10	13	19	b
19	13	15	20	b
5	19	20	7	b
	
4	31	32	3	t
31	12	11	32	t
32	11	14	33	t
3	32	33	6	t
6	33	34	8	t
33	14	16	34	t

7	21	22	8	d
25	26	24	22	d
23	15	16	24	d
21	29	28	25	l
30	23	26	27	r
21	23	30	29	b

25	26	27	28	t
1	35	40	4	i
36	38	39	40	i
37	9	12	39	i

	Room
1	2	3	4	l
2	5	6	3	l
5	7	8	6	l
9	10	11	12	r
10	13	14	11	r
13	15	16	14	r

	MainRoom
1	41	43	4	l
42	45	46	43	l
44	47	48	46	l
47	7	8	48	l

41	49	50	42	i
44	51	52	45	d
42	45	52	50	t
41	44	51	49	b

9	53	54	12	r
53	55	56	54	r
60	59	58	56	r
57	15	16	58	r

64	55	60	61	i
63	57	59	62	d
61	62	59	60	t
64	63	57	55	b

50	52	82	81	r
61	62	84	83	l
	Tunnel
65	66	67	68	i
66	69	72	67	i
69	70	71	72	i

73	74	75	76	d
74	77	80	75	d
77	78	79	80	d

73	74	66	65	b
74	77	69	66	b
77	78	70	69	b

76	75	67	68	t
80	79	71	72	t
75	80	72	67	t
	Turn
70	85	86	71	i
85	87	88	86	l
78	89	90	79	r
70	89	87	85	b
71	90	88	86	t
91	92	88	90	d
91	104	103	92	t
87	102	103	92	l
89	101	104	91	r
89	101	102	87	b
	Turn
94	65	68	93	i
94	95	96	93	r
73	97	98	76	l
94	95	97	65	b
93	96	98	68	t
100	99	98	96	d
95	105	108	100	r
97	106	107	99	l
100	108	107	99	t
95	105	106	97	b